image: /home/sgw/my_room.pgm
resolution: 0.050000
origin: [-8.600000, -2.350000, 0.0]
negate: 0
occupied_thresh: 0.65
free_thresh: 0.196
